# Cameras
# Number of cameras: 50

0 SIMPLE_PINHOLE 1080 1920 2304.0 540.0 960.0
1 SIMPLE_PINHOLE 1080 1920 2304.0 540.0 960.0
2 SIMPLE_PINHOLE 1080 1920 2304.0 540.0 960.0
3 SIMPLE_PINHOLE 1080 1920 2304.0 540.0 960.0
4 SIMPLE_PINHOLE 1080 1920 2304.0 540.0 960.0
5 SIMPLE_PINHOLE 1080 1920 2304.0 540.0 960.0
6 SIMPLE_PINHOLE 1080 1920 2304.0 540.0 960.0
7 SIMPLE_PINHOLE 1080 1920 2304.0 540.0 960.0
8 SIMPLE_PINHOLE 1080 1920 2304.0 540.0 960.0
9 SIMPLE_PINHOLE 1080 1920 2304.0 540.0 960.0
10 SIMPLE_PINHOLE 1080 1920 2304.0 540.0 960.0
11 SIMPLE_PINHOLE 1080 1920 2304.0 540.0 960.0
12 SIMPLE_PINHOLE 1080 1920 2304.0 540.0 960.0
13 SIMPLE_PINHOLE 1080 1920 2304.0 540.0 960.0
14 SIMPLE_PINHOLE 1080 1920 2304.0 540.0 960.0
15 SIMPLE_PINHOLE 1080 1920 2304.0 540.0 960.0
16 SIMPLE_PINHOLE 1080 1920 2304.0 540.0 960.0
17 SIMPLE_PINHOLE 1080 1920 2304.0 540.0 960.0
18 SIMPLE_PINHOLE 1080 1920 2304.0 540.0 960.0
19 SIMPLE_PINHOLE 1080 1920 2304.0 540.0 960.0
20 SIMPLE_PINHOLE 1080 1920 2304.0 540.0 960.0
21 SIMPLE_PINHOLE 1080 1920 2304.0 540.0 960.0
22 SIMPLE_PINHOLE 1080 1920 2304.0 540.0 960.0
23 SIMPLE_PINHOLE 1080 1920 2304.0 540.0 960.0
24 SIMPLE_PINHOLE 1080 1920 2304.0 540.0 960.0
25 SIMPLE_PINHOLE 1080 1920 2304.0 540.0 960.0
26 SIMPLE_PINHOLE 1080 1920 2304.0 540.0 960.0
27 SIMPLE_PINHOLE 1080 1920 2304.0 540.0 960.0
28 SIMPLE_PINHOLE 1080 1920 2304.0 540.0 960.0
29 SIMPLE_PINHOLE 1080 1920 2304.0 540.0 960.0
30 SIMPLE_PINHOLE 1080 1920 2304.0 540.0 960.0
31 SIMPLE_PINHOLE 1080 1920 2304.0 540.0 960.0
32 SIMPLE_PINHOLE 1080 1920 2304.0 540.0 960.0
33 SIMPLE_PINHOLE 1080 1920 2304.0 540.0 960.0
34 SIMPLE_PINHOLE 1080 1920 2304.0 540.0 960.0
35 SIMPLE_PINHOLE 1080 1920 2304.0 540.0 960.0
36 SIMPLE_PINHOLE 1080 1920 2304.0 540.0 960.0
37 SIMPLE_PINHOLE 1080 1920 2304.0 540.0 960.0
38 SIMPLE_PINHOLE 1080 1920 2304.0 540.0 960.0
39 SIMPLE_PINHOLE 1080 1920 2304.0 540.0 960.0
40 SIMPLE_PINHOLE 1080 1920 2304.0 540.0 960.0
41 SIMPLE_PINHOLE 1080 1920 2304.0 540.0 960.0
42 SIMPLE_PINHOLE 1080 1920 2304.0 540.0 960.0
43 SIMPLE_PINHOLE 1080 1920 2304.0 540.0 960.0
44 SIMPLE_PINHOLE 1080 1920 2304.0 540.0 960.0
45 SIMPLE_PINHOLE 1080 1920 2304.0 540.0 960.0
46 SIMPLE_PINHOLE 1080 1920 2304.0 540.0 960.0
47 SIMPLE_PINHOLE 1080 1920 2304.0 540.0 960.0
48 SIMPLE_PINHOLE 1080 1920 2304.0 540.0 960.0
49 SIMPLE_PINHOLE 1080 1920 2304.0 540.0 960.0